# 优先回测 A 股池：微信截图241只 + 既有行业龙头/自选/持仓新增12只。
300308
688048
300990
002361
002980
603373
003031
603629
601208
601126
600410
002792
600666
688143
603256
688102
301213
002156
300456
300442
300782
002636
603005
301302
002297
300553
301005
603496
002409
688582
002575
300747
002534
688017
002261
001309
300342
600522
300136
301592
603308
002272
002747
300617
688256
600556
301310
002896
300756
688322
300395
002131
002871
603598
688081
600869
300058
002350
002837
600172
605006
300242
600487
688523
603138
600877
600184
688568
002922
688981
300953
301306
688270
300046
002181
600879
002925
600118
603601
000066
002025
688108
000547
600580
603257
603881
002475
688332
601689
002643
603799
301368
300065
605123
002015
002400
000607
601698
002584
002230
300830
002177
002426
601137
688776
600562
002202
002112
300123
002455
002498
002201
688543
002734
002600
002195
301216
002049
688239
601360
000970
600895
000737
002465
000628
688676
002149
300053
600391
688499
603662
688795
300455
600363
002414
001316
300593
002735
002050
300115
002470
000063
002766
300101
002179
002265
002952
000519
603728
300810
600276
300073
000831
605090
002979
688070
603212
002218
300118
301598
603638
600173
688084
002405
000338
300629
603305
002165
600889
688722
688750
002703
600990
688281
002048
688552
688297
001231
601933
002819
300446
688708
300750
302132
000422
603260
001202
003035
002953
003021
000987
002162
002524
002625
301187
603712
002469
601868
000785
300793
300699
000801
002775
002389
002867
600309
000830
600730
000010
601127
601939
601988
002594
603225
000768
600346
601399
600166
002553
600370
300850
002299
600426
000099
601828
601233
601366
600587
600764
601117
000581
601899
601992
002010
600416
600435
600760
002985
600893
002562
600850
300502
300720
301165
600050
600519
600584
600909
600941
601728
601869
603019
603986
